$ 0001000 0011110 0101000 0011100 0001010 0111100 0001000
f 0001100 0010010 0010000 0111000 0010000 0010000 0010000
/ 0000000 0000010 0000100 0001000 0010000 0100000 0000000
d 0000010 0000010 0011010 0100110 0100010 0100010 0011110
R 0111100 0100010 0100010 0111100 0101000 0100100 0100010
h 0100000 0100000 0101100 0110010 0100010 0100010 0100010
# 0010100 0010100 0111110 0010100 0111110 0010100 0010100
X 0100010 0100010 0010100 0001000 0010100 0100010 0100010
n 0000000 0000000 0101100 0110010 0100010 0100010 0100010
\ 0000000 0100000 0010000 0001000 0000100 0000010 0000000
G 0011100 0100010 0100000 0100000 0100110 0100010 0011100
Q 0011100 0100010 0100010 0100010 0101010 0100100 0011010
j 000010 000000 000110 000010 000010 010010 001100
W 0100010 0100010 0100010 0101010 0101010 0110110 0100010
" 01010 01010 01010 00000 00000 00000 00000
c 0000000 0000000 0011100 0100000 0100000 0100010 0011100
s 0000000 0000000 0011100 0100000 0011100 0000010 0111100
@ 0011100 0100010 0000010 0011010 0101010 0101010 0011100
t 0010000 0010000 0111000 0010000 0010000 0010010 0001100
[ 01110 01000 01000 01000 01000 01000 01110
w 0000000 0000000 0100010 0100010 0101010 0101010 0010100
+ 0000000 0001000 0001000 0111110 0001000 0001000 0000000
u 0000000 0000000 0100010 0100010 0100010 0100110 0011010
O 0011100 0100010 0100010 0100010 0100010 0100010 0011100
V 0100010 0100010 0100010 0100010 0100010 0010100 0001000
<- 0000000 0001000 0010000 0111110 0010000 0001000 0000000
U 0100010 0100010 0100010 0100010 0100010 0100010 0011100
1 00100 01100 00100 00100 00100 00100 01110
= 0000000 0000000 0111110 0000000 0111110 0000000 0000000
m 0000000 0000000 0110100 0101010 0101010 0100010 0100010
K 0100010 0100100 0101000 0110000 0101000 0100100 0100010
M 0100010 0110110 0101010 0100010 0100010 0100010 0100010
C 0011100 0100010 0100000 0100000 0100000 0100010 0011100
z 0000000 0000000 0111110 0000100 0001000 0010000 0111110
y 0000000 0000000 0100010 0100010 0011110 0000010 0011100
` 01000 00100 00010 00000 00000 00000 00000
4 0000100 0001100 0010100 0100100 0111110 0000100 0000100
g 0000000 0000000 0011110 0100010 0011110 0000010 0001100
P 0111100 0100010 0100010 0111100 0100000 0100000 0100000
k 010000 010000 010010 010100 011000 010100 010010
E 0111110 0100000 0100000 0111100 0100000 0100000 0111110
B 0111100 0100010 0100010 0111100 0100010 0100010 0111100
< 000010 000100 001000 010000 001000 000100 000010
] 01110 00010 00010 00010 00010 00010 01110
3 0111110 0000100 0001000 0000100 0000010 0100010 0011100
I 01110 00100 00100 00100 00100 00100 01110
S 0011110 0100000 0100000 0011100 0000010 0000010 0111100
% 0110000 0110010 0000100 0001000 0010000 0100110 0000110
{ 00010 00100 00100 01000 00100 00100 00010
8 0011100 0100010 0100010 0011100 0100010 0100010 0011100
( 00010 00100 01000 01000 01000 00100 00010
F 0111110 0100000 0100000 0111000 0100000 0100000 0100000
) 01000 00100 00010 00010 00010 00100 01000
' 010 010 000 000 000 000 000
7 0111110 0000010 0000100 0001000 0010000 0010000 0010000
a 0000000 0000000 0011100 0000010 0011110 0100010 0011110
e 0000000 0000000 0011100 0100010 0111110 0100000 0011100
J 0001110 0000100 0000100 0000100 0000100 0100100 0011000
L 0100000 0100000 0100000 0100000 0100000 0100000 0111110
^ 0001000 0010100 0100010 0000000 0000000 0000000 0000000
p 0000000 0000000 0111100 0100010 0111100 0100000 0100000
, 000 000 000 000 000 010 010
2 0011100 0100010 0000010 0000100 0001000 0010000 0111110
Y 0100010 0100010 0010100 0001000 0001000 0001000 0001000
6 0001100 0010000 0100000 0111100 0100010 0100010 0011100
H 0100010 0100010 0100010 0111110 0100010 0100010 0100010
& 0011000 0100100 0101000 0010000 0101010 0100100 0011010
5 0111110 0100000 0111100 0000010 0000010 0100010 0011100
! 010 010 010 010 010 000 010
i 00100 00000 01100 00100 00100 00100 01110
-> 0000000 0001000 0000100 0111110 0000100 0001000 0000000
_ 0000000 0000000 0000000 0000000 0000000 0000000 0111110
l 01100 00100 00100 00100 00100 00100 01110
D 0111000 0100100 0100010 0100010 0100010 0100100 0111000
q 0000000 0000000 0011010 0100110 0011110 0000010 0000010
. 000 000 000 000 000 000 010
T 0111110 0001000 0001000 0001000 0001000 0001000 0001000
o 0000000 0000000 0011100 0100010 0100010 0100010 0011100
Z 0111110 0000010 0000100 0001000 0010000 0100000 0111110
x 0000000 0000000 0100010 0010100 0001000 0010100 0100010
v 0000000 0000000 0100010 0100010 0100010 0010100 0001000
* 0000000 0010100 0001000 0111110 0001000 0010100 0000000
A 0011100 0100010 0100010 0100010 0111110 0100010 0100010
N 0100010 0100010 0110010 0101010 0100110 0100010 0100010
b 0100000 0100000 0101100 0110010 0100010 0100010 0111100
} 01000 00100 00100 00010 00100 00100 01000
? 0011100 0100010 0000010 0000100 0001000 0000000 0001000
9 0011100 0100010 0100010 0011110 0000010 0000100 0011000
0 0011100 0100010 0100110 0101010 0110010 0100010 0011100
- 0000000 0000000 0000000 0111110 0000000 0000000 0000000
| 010 010 010 010 010 010 010
> 010000 001000 000100 000010 000100 001000 010000
: 000 010 010 000 010 010 000
r 0000000 0000000 0101100 0110010 0100000 0100000 0100000
; 000 010 010 000 010 010 010